0.95
5.16
4.65
5.63
9.28
5.06
4.92
3.97
11.4
9.54
19.6
11.1
11.4
6.1
8.68
11.2
6.68
7.97
7.08
5.09
7.8
5.87
5.45
5.03
5.91
7.46
5.83
3.54
13.7
5.05
4.91
10.7
17.4
7.99
13.3
4.85
6.83
6.98
20.9
7.64
3.8
12.8
25.9
6.28
9.49
7.54
4.27
7.45
4.89
4.89
3.15
5.29
9.06
4.99
5.15
3.97
6.23
7.43
5.87
14.8
3.16
6.2
7
4.71
5.31
5.24
5.46
8.86
7.61
3.04
3.93
5.05
3.68
3.26
4.04
6.54
3.35
3.12
4.58
3.89
2.51
4.46
4.96
4.09
5.69
3.72
8.02
5.54
7.06
5.1
7.02
6.05
8.81
6.54
8.23
6.89
6.74
16.1
7.49
4.43
3.08
7.1
3.7
4.41
6.81
6
4.82
5.97
7.66
6.59
4.85
5.07
4.59
3.08
4.55
5.03
2.47
4.08
4.66
4.02
4.03
5.57
5.35
6.76
4.52
5.63
3.53
2.93
3.44
4.48
8.33
9.94
7.39
6.36
6.45
6.08
8.65
5.92
3.93
7.7
6.95
8.3
11.1
8.13
12.5
16.9
5.18
8.47
4.52
6.21
8.57
7.54
5.86
7.53
3.21
5.2
9.01
4.73
10.4
8.08
11.3
4.24
5.92
5.47
10.5
7.78
8.91
8.54
13.5
6.3
12.3
13
10.7
14.3
21.4
9.84
14.8
13.3
24
37.3
18.5
8.97
11.7
13.3
6.57
8.44
15.1
11.6
13.3
12.4
15.7
6.63
7.62
11.9
8.69
11
5.89
3.99
7.62
2.91
4.85
5.51
6.37
9.41
5.71
7.2
8
9.18
11.6
8.33
7.82
3.6
5.66
6.35
8.03
8.58
4.78
6.91
5.66
7.58
6.05
6.46
5.84
4.44
7.15
7.36
8.5
8.66
5.23
11.5
9.27
9.24
12.8
13.1
18.2
7.01
7.82
4.2
7.85
11.1
5.32