0.16
-2.41
-0.23
2.34
7.45
-3.45
2.36
0.42
7.35
-5.29
17.5
-4.25
-12
-0.34
1.9
-10.8
0.82
-6.77
-0.29
-2.15
-2.71
5.43
1.62
-0.91
-2.35
3.16
-2.09
1.35
-2.49
4.34
1.01
4.06
4.87
7.9
10
0
1.18
-1.93
15.5
6.45
-1.23
12.3
-14.1
-1.45
-7.22
5.96
1.55
6.5
3.36
-1.15
2.35
3.12
-5.25
4.61
1.93
4.44
-1.52
-1.63
-1.03
-10.8
-0.06
1.64
5.03
0.87
0.94
-3.56
0.73
-2.72
3.04
-0.12
-3.46
4.93
-2.11
1.97
1.18
5.1
2.62
1.15
0.75
-0.2
2.09
0.14
-1.24
2.33
2.23
1.24
4.74
3.64
2.52
-4.72
5.55
2.85
-1.98
-0.74
-3.16
1.28
0.16
-5.82
-4.68
-2.39
-0.49
3.48
-1.78
3.38
1.72
-0.96
3.37
0
-5.64
3.67
1.21
4.52
3.44
1.5
3.09
1.22
-1.87
2
-0.6
1.31
2.33
-1.33
2.72
-3.25
0.98
2.36
-0.18
1.1
1.49
0.47
6.25
-8.61
4.55
3.23
1.79
0.1
-3.65
-5.19
-1.96
7.8
4.3
3.6
-7.89
1.06
-5.32
-8.93
1.78
-5.08
0
4.11
0.08
-5.56
2.61
7.53
1.96
-2.95
8.26
-1.11
8.78
-1.1
-8.58
1.01
5.24
-2.74
-6.11
7.12
2.03
-3.1
10
-1.16
10.3
-7.38
13.9
15
10.9
8.36
-7.21
2.3
-12.1
-18.1
-16.9
2.39
-4.73
-11.6
-2.66
5.71
-0.66
10.7
-10.6
-0.57
-12
1.23
5.72
-1.06
2
8.79
5.01
0.8
-2.25
1.85
-1.82
2.58
5.43
-5.24
3.87
5.54
-3.2
-0.56
-5.99
7.58
0.76
2.04
0.2
5.04
7.37
-4.24
1.61
-3.05
1.43
4.35
-0.59
-2.07
-3.87
3.27
-2.91
6.59
1.74
-1.93
1
7.73
-6.35
-1.32
-4.53
-3.04
-3.09
4.18
5.66
2.04
-6.25
7.38
-0.49
